{
 "cells": [
  {
   "cell_type": "code",
   "execution_count": 50,
   "metadata": {},
   "outputs": [],
   "source": [
    "import os\n",
    "import numpy as np\n",
    "from math import log\n",
    "import nltk.sentiment.vader as vd\n",
    "import sklearn.model_selection as ms\n",
    "from sklearn.linear_model import LogisticRegression"
   ]
  },
  {
   "cell_type": "code",
   "execution_count": 63,
   "metadata": {},
   "outputs": [
    {
     "name": "stdout",
     "output_type": "stream",
     "text": [
      "Read data done\n"
     ]
    }
   ],
   "source": [
    "data_x = []\n",
    "data_y = []\n",
    "for filename in os.listdir('./train_file/'):\n",
    "    data_y.append(int(filename.split(\"_\")[1].split(\".\")[0]))\n",
    "    f = open('./train_file/' + filename, \"r\", encoding=\"utf-8\")\n",
    "    text = f.read()\n",
    "    data_x.append(list(analyzer.polarity_scores(text).values()))\n",
    "print(\"Read data done\")"
   ]
  },
  {
   "cell_type": "code",
   "execution_count": 64,
   "metadata": {},
   "outputs": [
    {
     "data": {
      "text/plain": [
       "array([[ 0.125 ,  0.8   ,  0.075 , -0.6975],\n",
       "       [ 0.038 ,  0.733 ,  0.229 ,  0.9776],\n",
       "       [ 0.026 ,  0.771 ,  0.203 ,  0.9785],\n",
       "       ...,\n",
       "       [ 0.055 ,  0.765 ,  0.181 ,  0.9807],\n",
       "       [ 0.164 ,  0.729 ,  0.107 , -0.9893],\n",
       "       [ 0.134 ,  0.68  ,  0.185 ,  0.8214]])"
      ]
     },
     "execution_count": 64,
     "metadata": {},
     "output_type": "execute_result"
    }
   ],
   "source": [
    "x_train, x_test, y_train, y_test = ms.train_test_split(np.array(data_x),np.array(data_y),test_size=0.2)\n",
    "x_train"
   ]
  },
  {
   "cell_type": "code",
   "execution_count": 65,
   "metadata": {},
   "outputs": [
    {
     "name": "stderr",
     "output_type": "stream",
     "text": [
      "C:\\Users\\PS15S\\Anaconda3\\lib\\site-packages\\sklearn\\linear_model\\logistic.py:433: FutureWarning: Default solver will be changed to 'lbfgs' in 0.22. Specify a solver to silence this warning.\n",
      "  FutureWarning)\n",
      "C:\\Users\\PS15S\\Anaconda3\\lib\\site-packages\\sklearn\\linear_model\\logistic.py:460: FutureWarning: Default multi_class will be changed to 'auto' in 0.22. Specify the multi_class option to silence this warning.\n",
      "  \"this warning.\", FutureWarning)\n"
     ]
    },
    {
     "data": {
      "text/plain": [
       "LogisticRegression(C=1.0, class_weight=None, dual=False, fit_intercept=True,\n",
       "          intercept_scaling=1, max_iter=100, multi_class='warn',\n",
       "          n_jobs=None, penalty='l2', random_state=None, solver='warn',\n",
       "          tol=0.0001, verbose=0, warm_start=False)"
      ]
     },
     "execution_count": 65,
     "metadata": {},
     "output_type": "execute_result"
    }
   ],
   "source": [
    "model = LogisticRegression()\n",
    "model.fit(x_train, y_train)"
   ]
  },
  {
   "cell_type": "code",
   "execution_count": 66,
   "metadata": {},
   "outputs": [
    {
     "data": {
      "text/plain": [
       "0.25983333333333336"
      ]
     },
     "execution_count": 66,
     "metadata": {},
     "output_type": "execute_result"
    }
   ],
   "source": [
    "model.score(x_test,y_test)"
   ]
  },
  {
   "cell_type": "code",
   "execution_count": 71,
   "metadata": {},
   "outputs": [
    {
     "name": "stdout",
     "output_type": "stream",
     "text": [
      "[[ 0.178   0.7     0.122  -0.8028]\n",
      " [ 0.178   0.725   0.097  -0.985 ]\n",
      " [ 0.108   0.825   0.067  -0.8275]\n",
      " ...\n",
      " [ 0.055   0.765   0.181   0.9807]\n",
      " [ 0.164   0.729   0.107  -0.9893]\n",
      " [ 0.134   0.68    0.185   0.8214]] [[ 0.125   0.8     0.075  -0.6975]\n",
      " [ 0.038   0.733   0.229   0.9776]\n",
      " [ 0.026   0.771   0.203   0.9785]\n",
      " [ 0.177   0.727   0.096  -0.9937]\n",
      " [ 0.07    0.712   0.218   0.9973]\n",
      " [ 0.154   0.766   0.08   -0.979 ]\n",
      " [ 0.173   0.739   0.087  -0.9932]\n",
      " [ 0.106   0.784   0.11   -0.128 ]\n",
      " [ 0.143   0.651   0.206   0.6452]\n",
      " [ 0.09    0.821   0.089  -0.296 ]\n",
      " [ 0.04    0.784   0.176   0.9976]\n",
      " [ 0.066   0.827   0.107   0.8591]\n",
      " [ 0.256   0.672   0.072  -0.9904]\n",
      " [ 0.058   0.744   0.198   0.9616]\n",
      " [ 0.056   0.82    0.125   0.9324]\n",
      " [ 0.147   0.763   0.089  -0.9008]\n",
      " [ 0.143   0.751   0.107  -0.9429]\n",
      " [ 0.055   0.794   0.151   0.981 ]\n",
      " [ 0.12    0.815   0.065  -0.9727]\n",
      " [ 0.113   0.741   0.146   0.8899]\n",
      " [ 0.      0.857   0.143   0.9633]\n",
      " [ 0.177   0.661   0.161  -0.1928]\n",
      " [ 0.166   0.686   0.147  -0.2714]\n",
      " [ 0.092   0.71    0.198   0.9694]]\n",
      "[1 4 7 ... 2 3 2] [10  0  9  1  9  2  3  8  7  0  8  0  0  0 10  1  2  3  7  1  9 10 10  1]\n"
     ]
    },
    {
     "name": "stderr",
     "output_type": "stream",
     "text": [
      "C:\\Users\\PS15S\\Anaconda3\\lib\\site-packages\\sklearn\\linear_model\\logistic.py:433: FutureWarning: Default solver will be changed to 'lbfgs' in 0.22. Specify a solver to silence this warning.\n",
      "  FutureWarning)\n",
      "C:\\Users\\PS15S\\Anaconda3\\lib\\site-packages\\sklearn\\linear_model\\logistic.py:460: FutureWarning: Default multi_class will be changed to 'auto' in 0.22. Specify the multi_class option to silence this warning.\n",
      "  \"this warning.\", FutureWarning)\n"
     ]
    },
    {
     "name": "stdout",
     "output_type": "stream",
     "text": [
      "[[ 0.125   0.8     0.075  -0.6975]\n",
      " [ 0.038   0.733   0.229   0.9776]\n",
      " [ 0.026   0.771   0.203   0.9785]\n",
      " ...\n",
      " [ 0.055   0.765   0.181   0.9807]\n",
      " [ 0.164   0.729   0.107  -0.9893]\n",
      " [ 0.134   0.68    0.185   0.8214]] [[ 0.178   0.7     0.122  -0.8028]\n",
      " [ 0.178   0.725   0.097  -0.985 ]\n",
      " [ 0.108   0.825   0.067  -0.8275]\n",
      " [ 0.096   0.817   0.086  -0.8848]\n",
      " [ 0.117   0.701   0.182   0.9493]\n",
      " [ 0.204   0.659   0.137  -0.9923]\n",
      " [ 0.254   0.566   0.18   -0.8452]\n",
      " [ 0.053   0.804   0.143   0.9144]\n",
      " [ 0.218   0.672   0.11   -0.9221]\n",
      " [ 0.166   0.715   0.119  -0.953 ]\n",
      " [ 0.038   0.859   0.103   0.9626]\n",
      " [ 0.077   0.721   0.202   0.9774]\n",
      " [ 0.07    0.699   0.231   0.9781]\n",
      " [ 0.083   0.712   0.205   0.9908]\n",
      " [ 0.044   0.866   0.09    0.8785]\n",
      " [ 0.088   0.746   0.166   0.9892]\n",
      " [ 0.146   0.73    0.125  -0.9362]\n",
      " [ 0.076   0.82    0.104   0.7795]\n",
      " [ 0.137   0.769   0.094  -0.8272]\n",
      " [ 0.114   0.781   0.106  -0.2387]\n",
      " [ 0.041   0.699   0.26    0.9894]\n",
      " [ 0.      0.822   0.178   0.9714]\n",
      " [ 0.048   0.908   0.044  -0.0387]\n",
      " [ 0.064   0.832   0.105   0.9187]]\n",
      "[10  0  9 ...  2  3  2] [ 1  4  7  0  9  1  3  2  2  2 10 10 10  3 10  4  4  1  0  4 10  8  7 10]\n",
      "[[ 0.125   0.8     0.075  -0.6975]\n",
      " [ 0.038   0.733   0.229   0.9776]\n",
      " [ 0.026   0.771   0.203   0.9785]\n",
      " ...\n",
      " [ 0.055   0.765   0.181   0.9807]\n",
      " [ 0.164   0.729   0.107  -0.9893]\n",
      " [ 0.134   0.68    0.185   0.8214]] [[ 0.05    0.819   0.131   0.8857]\n",
      " [ 0.07    0.834   0.096   0.9559]\n",
      " [ 0.032   0.734   0.234   0.991 ]\n",
      " [ 0.02    0.849   0.131   0.937 ]\n",
      " [ 0.014   0.831   0.155   0.9685]\n",
      " [ 0.071   0.8     0.129   0.8829]\n",
      " [ 0.12    0.739   0.141   0.8362]\n",
      " [ 0.036   0.735   0.229   0.9848]\n",
      " [ 0.093   0.752   0.156   0.8332]\n",
      " [ 0.124   0.793   0.083  -0.7825]\n",
      " [ 0.055   0.706   0.239   0.9852]\n",
      " [ 0.033   0.82    0.147   0.9835]\n",
      " [ 0.125   0.756   0.119  -0.7929]\n",
      " [ 0.122   0.669   0.209   0.9958]\n",
      " [ 0.      0.787   0.213   0.9792]\n",
      " [ 0.121   0.71    0.168   0.8756]\n",
      " [ 0.157   0.667   0.176   0.3935]\n",
      " [ 0.124   0.836   0.04   -0.9804]\n",
      " [ 0.107   0.799   0.094  -0.5187]\n",
      " [ 0.081   0.832   0.087  -0.0926]\n",
      " [ 0.141   0.703   0.156   0.5218]\n",
      " [ 0.077   0.815   0.108   0.7424]\n",
      " [ 0.053   0.668   0.279   0.9819]\n",
      " [ 0.06    0.731   0.21    0.9887]]\n"
     ]
    },
    {
     "name": "stderr",
     "output_type": "stream",
     "text": [
      "C:\\Users\\PS15S\\Anaconda3\\lib\\site-packages\\sklearn\\linear_model\\logistic.py:433: FutureWarning: Default solver will be changed to 'lbfgs' in 0.22. Specify a solver to silence this warning.\n",
      "  FutureWarning)\n",
      "C:\\Users\\PS15S\\Anaconda3\\lib\\site-packages\\sklearn\\linear_model\\logistic.py:460: FutureWarning: Default multi_class will be changed to 'auto' in 0.22. Specify the multi_class option to silence this warning.\n",
      "  \"this warning.\", FutureWarning)\n"
     ]
    },
    {
     "name": "stdout",
     "output_type": "stream",
     "text": [
      "[10  0  9 ...  2  3  2] [ 3  0  7  9  3  0  0  4 10  9  0  9  7  9  8  4  1  1  4  1  1  1  9  8]\n"
     ]
    },
    {
     "name": "stderr",
     "output_type": "stream",
     "text": [
      "C:\\Users\\PS15S\\Anaconda3\\lib\\site-packages\\sklearn\\linear_model\\logistic.py:433: FutureWarning: Default solver will be changed to 'lbfgs' in 0.22. Specify a solver to silence this warning.\n",
      "  FutureWarning)\n",
      "C:\\Users\\PS15S\\Anaconda3\\lib\\site-packages\\sklearn\\linear_model\\logistic.py:460: FutureWarning: Default multi_class will be changed to 'auto' in 0.22. Specify the multi_class option to silence this warning.\n",
      "  \"this warning.\", FutureWarning)\n"
     ]
    },
    {
     "name": "stdout",
     "output_type": "stream",
     "text": [
      "[[ 0.125   0.8     0.075  -0.6975]\n",
      " [ 0.038   0.733   0.229   0.9776]\n",
      " [ 0.026   0.771   0.203   0.9785]\n",
      " ...\n",
      " [ 0.055   0.765   0.181   0.9807]\n",
      " [ 0.164   0.729   0.107  -0.9893]\n",
      " [ 0.134   0.68    0.185   0.8214]] [[ 0.034   0.779   0.187   0.9712]\n",
      " [ 0.08    0.776   0.144   0.9944]\n",
      " [ 0.144   0.692   0.164   0.5672]\n",
      " [ 0.012   0.756   0.232   0.9909]\n",
      " [ 0.055   0.85    0.095   0.8789]\n",
      " [ 0.      0.678   0.322   0.9943]\n",
      " [ 0.177   0.67    0.153  -0.9451]\n",
      " [ 0.021   0.906   0.072   0.9325]\n",
      " [ 0.091   0.824   0.085  -0.2141]\n",
      " [ 0.063   0.795   0.142   0.9884]\n",
      " [ 0.068   0.785   0.146   0.9874]\n",
      " [ 0.033   0.745   0.222   0.9878]\n",
      " [ 0.027   0.715   0.258   0.9825]\n",
      " [ 0.036   0.826   0.138   0.9728]\n",
      " [ 0.133   0.784   0.083  -0.9941]\n",
      " [ 0.067   0.906   0.027  -0.7049]\n",
      " [ 0.137   0.745   0.119  -0.7136]\n",
      " [ 0.046   0.772   0.182   0.9666]\n",
      " [ 0.172   0.692   0.136  -0.939 ]\n",
      " [ 0.125   0.727   0.147   0.8693]\n",
      " [ 0.078   0.81    0.112   0.9688]\n",
      " [ 0.088   0.863   0.049  -0.6124]\n",
      " [ 0.073   0.755   0.172   0.9971]\n",
      " [ 0.041   0.775   0.184   0.9776]]\n",
      "[10  0  9 ...  2  3  2] [ 4  8  1 10  0 10  7  9  0  3 10  8  0  1  0  4  1  8  4  3 10  0  9  0]\n"
     ]
    },
    {
     "name": "stderr",
     "output_type": "stream",
     "text": [
      "C:\\Users\\PS15S\\Anaconda3\\lib\\site-packages\\sklearn\\linear_model\\logistic.py:433: FutureWarning: Default solver will be changed to 'lbfgs' in 0.22. Specify a solver to silence this warning.\n",
      "  FutureWarning)\n",
      "C:\\Users\\PS15S\\Anaconda3\\lib\\site-packages\\sklearn\\linear_model\\logistic.py:460: FutureWarning: Default multi_class will be changed to 'auto' in 0.22. Specify the multi_class option to silence this warning.\n",
      "  \"this warning.\", FutureWarning)\n"
     ]
    },
    {
     "name": "stdout",
     "output_type": "stream",
     "text": [
      "[[ 0.125   0.8     0.075  -0.6975]\n",
      " [ 0.038   0.733   0.229   0.9776]\n",
      " [ 0.026   0.771   0.203   0.9785]\n",
      " ...\n",
      " [ 0.055   0.765   0.181   0.9807]\n",
      " [ 0.164   0.729   0.107  -0.9893]\n",
      " [ 0.134   0.68    0.185   0.8214]] [[ 0.074   0.793   0.133   0.9925]\n",
      " [ 0.115   0.76    0.125   0.0788]\n",
      " [ 0.029   0.77    0.201   0.975 ]\n",
      " [ 0.083   0.773   0.144   0.8709]\n",
      " [ 0.148   0.677   0.175   0.8405]\n",
      " [ 0.073   0.706   0.221   0.9779]\n",
      " [ 0.02    0.76    0.221   0.9818]\n",
      " [ 0.136   0.752   0.112  -0.5048]\n",
      " [ 0.122   0.745   0.133   0.4256]\n",
      " [ 0.117   0.801   0.082  -0.7419]\n",
      " [ 0.052   0.844   0.105   0.9667]\n",
      " [ 0.012   0.926   0.062   0.8462]\n",
      " [ 0.025   0.809   0.166   0.8988]\n",
      " [ 0.159   0.771   0.07   -0.9883]\n",
      " [ 0.065   0.842   0.094   0.9504]\n",
      " [ 0.136   0.748   0.116  -0.9225]\n",
      " [ 0.      0.852   0.148   0.8658]\n",
      " [ 0.211   0.68    0.109  -0.7246]\n",
      " [ 0.076   0.787   0.137   0.9857]\n",
      " [ 0.012   0.842   0.146   0.9566]\n",
      " [ 0.105   0.825   0.07   -0.5093]\n",
      " [ 0.118   0.677   0.206   0.9977]\n",
      " [ 0.064   0.755   0.181   0.9945]\n",
      " [ 0.058   0.871   0.071   0.1511]]\n",
      "[10  0  9 ...  2  3  2] [4 3 7 4 8 9 8 3 4 1 4 8 4 4 0 8 8 1 0 4 1 0 8 8]\n"
     ]
    },
    {
     "name": "stderr",
     "output_type": "stream",
     "text": [
      "C:\\Users\\PS15S\\Anaconda3\\lib\\site-packages\\sklearn\\linear_model\\logistic.py:433: FutureWarning: Default solver will be changed to 'lbfgs' in 0.22. Specify a solver to silence this warning.\n",
      "  FutureWarning)\n",
      "C:\\Users\\PS15S\\Anaconda3\\lib\\site-packages\\sklearn\\linear_model\\logistic.py:460: FutureWarning: Default multi_class will be changed to 'auto' in 0.22. Specify the multi_class option to silence this warning.\n",
      "  \"this warning.\", FutureWarning)\n"
     ]
    },
    {
     "name": "stdout",
     "output_type": "stream",
     "text": [
      "[[ 0.125   0.8     0.075  -0.6975]\n",
      " [ 0.038   0.733   0.229   0.9776]\n",
      " [ 0.026   0.771   0.203   0.9785]\n",
      " ...\n",
      " [ 0.055   0.765   0.181   0.9807]\n",
      " [ 0.164   0.729   0.107  -0.9893]\n",
      " [ 0.134   0.68    0.185   0.8214]] [[ 0.127   0.746   0.127   0.2506]\n",
      " [ 0.131   0.781   0.088  -0.7904]\n",
      " [ 0.237   0.67    0.093  -0.9739]\n",
      " [ 0.081   0.793   0.125   0.9767]\n",
      " [ 0.091   0.833   0.075  -0.5371]\n",
      " [ 0.16    0.771   0.07   -0.9403]\n",
      " [ 0.204   0.737   0.059  -0.9531]\n",
      " [ 0.042   0.744   0.214   0.9908]\n",
      " [ 0.099   0.756   0.145   0.9319]\n",
      " [ 0.062   0.801   0.137   0.9234]\n",
      " [ 0.021   0.742   0.237   0.9848]\n",
      " [ 0.026   0.777   0.197   0.9891]\n",
      " [ 0.109   0.752   0.138   0.619 ]\n",
      " [ 0.06    0.736   0.204   0.963 ]\n",
      " [ 0.23    0.732   0.039  -0.9771]\n",
      " [ 0.114   0.808   0.077  -0.508 ]\n",
      " [ 0.062   0.84    0.099   0.4326]\n",
      " [ 0.083   0.733   0.184   0.9824]\n",
      " [ 0.095   0.781   0.124   0.7724]\n",
      " [ 0.1     0.728   0.172   0.872 ]\n",
      " [ 0.071   0.812   0.117   0.8885]\n",
      " [ 0.193   0.686   0.121  -0.9787]\n",
      " [ 0.033   0.851   0.117   0.926 ]\n",
      " [ 0.056   0.632   0.312   0.9155]]\n",
      "[10  0  9 ...  2  3  2] [ 8  3  1  8  4  3  1 10  0  9  8  9  8  3  1  0  1  7  3  2  2  8  0 10]\n"
     ]
    },
    {
     "name": "stderr",
     "output_type": "stream",
     "text": [
      "C:\\Users\\PS15S\\Anaconda3\\lib\\site-packages\\sklearn\\linear_model\\logistic.py:433: FutureWarning: Default solver will be changed to 'lbfgs' in 0.22. Specify a solver to silence this warning.\n",
      "  FutureWarning)\n",
      "C:\\Users\\PS15S\\Anaconda3\\lib\\site-packages\\sklearn\\linear_model\\logistic.py:460: FutureWarning: Default multi_class will be changed to 'auto' in 0.22. Specify the multi_class option to silence this warning.\n",
      "  \"this warning.\", FutureWarning)\n"
     ]
    },
    {
     "name": "stdout",
     "output_type": "stream",
     "text": [
      "[[ 0.125   0.8     0.075  -0.6975]\n",
      " [ 0.038   0.733   0.229   0.9776]\n",
      " [ 0.026   0.771   0.203   0.9785]\n",
      " ...\n",
      " [ 0.055   0.765   0.181   0.9807]\n",
      " [ 0.164   0.729   0.107  -0.9893]\n",
      " [ 0.134   0.68    0.185   0.8214]] [[ 0.185   0.734   0.08   -0.9968]\n",
      " [ 0.163   0.744   0.093  -0.9883]\n",
      " [ 0.114   0.833   0.053  -0.4956]\n",
      " [ 0.038   0.817   0.145   0.9919]\n",
      " [ 0.053   0.824   0.122   0.9815]\n",
      " [ 0.126   0.801   0.073  -0.9364]\n",
      " [ 0.1     0.75    0.15    0.678 ]\n",
      " [ 0.222   0.682   0.096  -0.9458]\n",
      " [ 0.084   0.755   0.161   0.8428]\n",
      " [ 0.099   0.874   0.027  -0.8999]\n",
      " [ 0.121   0.75    0.129   0.7465]\n",
      " [ 0.042   0.729   0.228   0.9859]\n",
      " [ 0.089   0.638   0.274   0.9846]\n",
      " [ 0.108   0.713   0.179   0.9489]\n",
      " [ 0.211   0.789   0.     -0.9001]\n",
      " [ 0.2     0.712   0.088  -0.9955]\n",
      " [ 0.169   0.724   0.107  -0.9617]\n",
      " [ 0.047   0.904   0.049  -0.1725]\n",
      " [ 0.165   0.719   0.116  -0.9345]\n",
      " [ 0.074   0.69    0.237   0.9997]\n",
      " [ 0.171   0.639   0.189   0.6633]\n",
      " [ 0.      0.905   0.095   0.8402]\n",
      " [ 0.084   0.732   0.185   0.9376]\n",
      " [ 0.151   0.735   0.115  -0.6883]]\n",
      "[10  0  9 ...  2  3  2] [ 4 10  7 10  9  0 10  2 10  1  8 10  8  4  7 10  2  4  4  9  1  0  0  1]\n"
     ]
    },
    {
     "name": "stderr",
     "output_type": "stream",
     "text": [
      "C:\\Users\\PS15S\\Anaconda3\\lib\\site-packages\\sklearn\\linear_model\\logistic.py:433: FutureWarning: Default solver will be changed to 'lbfgs' in 0.22. Specify a solver to silence this warning.\n",
      "  FutureWarning)\n",
      "C:\\Users\\PS15S\\Anaconda3\\lib\\site-packages\\sklearn\\linear_model\\logistic.py:460: FutureWarning: Default multi_class will be changed to 'auto' in 0.22. Specify the multi_class option to silence this warning.\n",
      "  \"this warning.\", FutureWarning)\n"
     ]
    },
    {
     "name": "stdout",
     "output_type": "stream",
     "text": [
      "[[ 0.125   0.8     0.075  -0.6975]\n",
      " [ 0.038   0.733   0.229   0.9776]\n",
      " [ 0.026   0.771   0.203   0.9785]\n",
      " ...\n",
      " [ 0.055   0.765   0.181   0.9807]\n",
      " [ 0.164   0.729   0.107  -0.9893]\n",
      " [ 0.134   0.68    0.185   0.8214]] [[ 0.171   0.745   0.085  -0.9954]\n",
      " [ 0.055   0.778   0.167   0.9267]\n",
      " [ 0.059   0.855   0.086   0.484 ]\n",
      " [ 0.063   0.673   0.263   0.9909]\n",
      " [ 0.095   0.838   0.067  -0.5108]\n",
      " [ 0.072   0.751   0.176   0.9977]\n",
      " [ 0.094   0.776   0.13    0.9887]\n",
      " [ 0.035   0.857   0.108   0.9713]\n",
      " [ 0.017   0.867   0.116   0.9217]\n",
      " [ 0.045   0.836   0.119   0.902 ]\n",
      " [ 0.269   0.639   0.092  -0.9872]\n",
      " [ 0.086   0.796   0.117   0.8897]\n",
      " [ 0.      0.781   0.219   0.9088]\n",
      " [ 0.052   0.786   0.162   0.9781]\n",
      " [ 0.104   0.825   0.07   -0.5955]\n",
      " [ 0.056   0.677   0.268   0.9611]\n",
      " [ 0.044   0.887   0.07    0.5106]\n",
      " [ 0.042   0.727   0.232   0.9988]\n",
      " [ 0.395   0.605   0.     -0.9829]\n",
      " [ 0.109   0.723   0.169   0.9488]\n",
      " [ 0.121   0.831   0.049  -0.9485]\n",
      " [ 0.018   0.811   0.172   0.9802]\n",
      " [ 0.144   0.784   0.072  -0.9808]\n",
      " [ 0.116   0.703   0.181   0.9778]]\n",
      "[10  0  9 ...  2  3  2] [ 1  8  9  0 10  8  0  4  4 10  1  9  9  0  4  9  9 10  2  1  3  8  3  4]\n"
     ]
    },
    {
     "name": "stderr",
     "output_type": "stream",
     "text": [
      "C:\\Users\\PS15S\\Anaconda3\\lib\\site-packages\\sklearn\\linear_model\\logistic.py:433: FutureWarning: Default solver will be changed to 'lbfgs' in 0.22. Specify a solver to silence this warning.\n",
      "  FutureWarning)\n",
      "C:\\Users\\PS15S\\Anaconda3\\lib\\site-packages\\sklearn\\linear_model\\logistic.py:460: FutureWarning: Default multi_class will be changed to 'auto' in 0.22. Specify the multi_class option to silence this warning.\n",
      "  \"this warning.\", FutureWarning)\n"
     ]
    },
    {
     "name": "stdout",
     "output_type": "stream",
     "text": [
      "[[ 0.125   0.8     0.075  -0.6975]\n",
      " [ 0.038   0.733   0.229   0.9776]\n",
      " [ 0.026   0.771   0.203   0.9785]\n",
      " ...\n",
      " [ 0.055   0.765   0.181   0.9807]\n",
      " [ 0.164   0.729   0.107  -0.9893]\n",
      " [ 0.134   0.68    0.185   0.8214]] [[ 0.054   0.78    0.167   0.9524]\n",
      " [ 0.081   0.771   0.148   0.9825]\n",
      " [ 0.177   0.772   0.051  -0.7884]\n",
      " [ 0.08    0.823   0.097   0.343 ]\n",
      " [ 0.044   0.753   0.203   0.8518]\n",
      " [ 0.182   0.677   0.141  -0.8271]\n",
      " [ 0.065   0.732   0.203   0.9714]\n",
      " [ 0.088   0.779   0.133   0.7531]\n",
      " [ 0.053   0.832   0.115   0.9677]\n",
      " [ 0.117   0.755   0.128  -0.2144]\n",
      " [ 0.13    0.697   0.172   0.5719]\n",
      " [ 0.072   0.75    0.178   0.738 ]\n",
      " [ 0.057   0.82    0.123   0.965 ]\n",
      " [ 0.084   0.827   0.089   0.5378]\n",
      " [ 0.118   0.703   0.179   0.9719]\n",
      " [ 0.023   0.812   0.164   0.9902]\n",
      " [ 0.184   0.779   0.036  -0.9694]\n",
      " [ 0.116   0.769   0.116  -0.25  ]\n",
      " [ 0.071   0.846   0.083   0.7445]\n",
      " [ 0.177   0.681   0.142  -0.7089]\n",
      " [ 0.028   0.856   0.116   0.9608]\n",
      " [ 0.071   0.733   0.196   0.7783]\n",
      " [ 0.167   0.743   0.09   -0.9604]\n",
      " [ 0.117   0.792   0.09   -0.6116]]\n",
      "[10  0  9 ...  2  3  2] [ 0  7  0  7  1  3  9  0  2  4  8  7  7  0  1  7  3  3  2  3  0 10  1 10]\n"
     ]
    },
    {
     "name": "stderr",
     "output_type": "stream",
     "text": [
      "C:\\Users\\PS15S\\Anaconda3\\lib\\site-packages\\sklearn\\linear_model\\logistic.py:433: FutureWarning: Default solver will be changed to 'lbfgs' in 0.22. Specify a solver to silence this warning.\n",
      "  FutureWarning)\n",
      "C:\\Users\\PS15S\\Anaconda3\\lib\\site-packages\\sklearn\\linear_model\\logistic.py:460: FutureWarning: Default multi_class will be changed to 'auto' in 0.22. Specify the multi_class option to silence this warning.\n",
      "  \"this warning.\", FutureWarning)\n"
     ]
    },
    {
     "name": "stdout",
     "output_type": "stream",
     "text": [
      "[[ 0.125   0.8     0.075  -0.6975]\n",
      " [ 0.038   0.733   0.229   0.9776]\n",
      " [ 0.026   0.771   0.203   0.9785]\n",
      " ...\n",
      " [ 0.055   0.765   0.181   0.9807]\n",
      " [ 0.164   0.729   0.107  -0.9893]\n",
      " [ 0.134   0.68    0.185   0.8214]] [[ 0.119   0.79    0.091  -0.8594]\n",
      " [ 0.155   0.735   0.11   -0.9948]\n",
      " [ 0.069   0.569   0.362   0.9783]\n",
      " [ 0.145   0.766   0.089  -0.9963]\n",
      " [ 0.132   0.752   0.116  -0.6204]\n",
      " [ 0.074   0.829   0.097   0.9513]\n",
      " [ 0.163   0.723   0.114  -0.982 ]\n",
      " [ 0.114   0.82    0.066  -0.9761]\n",
      " [ 0.119   0.8     0.08   -0.2727]\n",
      " [ 0.056   0.857   0.087   0.6833]\n",
      " [ 0.163   0.785   0.052  -0.9604]\n",
      " [ 0.084   0.622   0.294   0.9381]\n",
      " [ 0.088   0.727   0.186   0.9967]\n",
      " [ 0.052   0.768   0.18    0.946 ]\n",
      " [ 0.146   0.758   0.096  -0.992 ]\n",
      " [ 0.076   0.74    0.184   0.9062]\n",
      " [ 0.132   0.717   0.151   0.9145]\n",
      " [ 0.04    0.564   0.396   0.9974]\n",
      " [ 0.073   0.642   0.285   0.9853]\n",
      " [ 0.075   0.678   0.247   0.971 ]\n",
      " [ 0.121   0.846   0.033  -0.9387]\n",
      " [ 0.14    0.783   0.077  -0.9717]\n",
      " [ 0.128   0.752   0.12   -0.0644]\n",
      " [ 0.167   0.812   0.021  -0.9491]]\n",
      "[10  0  9 ...  2  3  2] [ 7  2  9  0  2  8 10  2  1  1  1  9  8  1 10  4  9 10 10  7  0  1  1  1]\n"
     ]
    },
    {
     "name": "stderr",
     "output_type": "stream",
     "text": [
      "C:\\Users\\PS15S\\Anaconda3\\lib\\site-packages\\sklearn\\linear_model\\logistic.py:433: FutureWarning: Default solver will be changed to 'lbfgs' in 0.22. Specify a solver to silence this warning.\n",
      "  FutureWarning)\n",
      "C:\\Users\\PS15S\\Anaconda3\\lib\\site-packages\\sklearn\\linear_model\\logistic.py:460: FutureWarning: Default multi_class will be changed to 'auto' in 0.22. Specify the multi_class option to silence this warning.\n",
      "  \"this warning.\", FutureWarning)\n"
     ]
    },
    {
     "name": "stdout",
     "output_type": "stream",
     "text": [
      "[[ 0.125   0.8     0.075  -0.6975]\n",
      " [ 0.038   0.733   0.229   0.9776]\n",
      " [ 0.026   0.771   0.203   0.9785]\n",
      " ...\n",
      " [ 0.055   0.765   0.181   0.9807]\n",
      " [ 0.164   0.729   0.107  -0.9893]\n",
      " [ 0.134   0.68    0.185   0.8214]] [[ 0.067   0.788   0.146   0.9969]\n",
      " [ 0.073   0.679   0.248   0.9862]\n",
      " [ 0.022   0.657   0.321   0.993 ]\n",
      " [ 0.092   0.689   0.219   0.9544]\n",
      " [ 0.238   0.626   0.136  -0.931 ]\n",
      " [ 0.152   0.703   0.145   0.2754]\n",
      " [ 0.14    0.733   0.127  -0.5994]\n",
      " [ 0.156   0.783   0.061  -0.9515]\n",
      " [ 0.096   0.784   0.12    0.7714]\n",
      " [ 0.116   0.836   0.047  -0.9773]\n",
      " [ 0.04    0.699   0.261   0.9927]\n",
      " [ 0.      0.867   0.133   0.9243]\n",
      " [ 0.181   0.698   0.121  -0.8908]\n",
      " [ 0.084   0.743   0.172   0.9181]\n",
      " [ 0.      0.66    0.34    0.9782]\n",
      " [ 0.108   0.785   0.107  -0.2682]\n",
      " [ 0.118   0.772   0.11   -0.8472]\n",
      " [ 0.072   0.79    0.137   0.6606]\n",
      " [ 0.071   0.768   0.161   0.8715]\n",
      " [ 0.133   0.788   0.079  -0.9553]\n",
      " [ 0.074   0.636   0.291   0.9184]\n",
      " [ 0.11    0.792   0.099  -0.502 ]\n",
      " [ 0.115   0.768   0.117  -0.3808]\n",
      " [ 0.096   0.75    0.155   0.9203]]\n",
      "[10  0  9 ...  2  3  2] [ 7 10  0  0  3  1  1  1  0  0  8  4 10  1  0  1  1  2  1  3 10  2  0  3]\n",
      "[[ 0.125   0.8     0.075  -0.6975]\n",
      " [ 0.038   0.733   0.229   0.9776]\n",
      " [ 0.026   0.771   0.203   0.9785]\n",
      " ...\n",
      " [ 0.055   0.765   0.181   0.9807]\n",
      " [ 0.164   0.729   0.107  -0.9893]\n",
      " [ 0.134   0.68    0.185   0.8214]] [[ 0.02    0.77    0.209   0.9759]\n",
      " [ 0.108   0.792   0.099  -0.7592]\n",
      " [ 0.099   0.707   0.194   0.999 ]\n",
      " [ 0.111   0.789   0.1    -0.4295]\n",
      " [ 0.093   0.847   0.06   -0.6121]\n",
      " [ 0.214   0.71    0.076  -0.9573]\n",
      " [ 0.02    0.927   0.052   0.7261]\n",
      " [ 0.073   0.844   0.083  -0.189 ]\n",
      " [ 0.057   0.688   0.256   0.9975]\n",
      " [ 0.118   0.8     0.082  -0.8857]\n",
      " [ 0.116   0.777   0.107   0.1127]\n",
      " [ 0.101   0.777   0.122   0.7568]\n",
      " [ 0.11    0.712   0.178   0.9127]\n",
      " [ 0.094   0.812   0.094   0.0276]\n",
      " [ 0.062   0.815   0.123   0.9018]\n",
      " [ 0.149   0.751   0.1    -0.9129]\n",
      " [ 0.129   0.682   0.188   0.9448]\n",
      " [ 0.054   0.826   0.12    0.9679]\n",
      " [ 0.079   0.802   0.119   0.8206]\n",
      " [ 0.132   0.746   0.122  -0.5291]\n",
      " [ 0.073   0.695   0.233   0.984 ]\n",
      " [ 0.034   0.843   0.122   0.9421]\n",
      " [ 0.      0.55    0.45    0.9586]\n",
      " [ 0.056   0.853   0.091   0.742 ]]\n",
      "[10  0  9 ...  2  3  2] [10  2 10  7  1  1  1  1 10  2  0  1  0  8  2  2  8  2  8  1  4 10 10  1]\n"
     ]
    },
    {
     "name": "stderr",
     "output_type": "stream",
     "text": [
      "C:\\Users\\PS15S\\Anaconda3\\lib\\site-packages\\sklearn\\linear_model\\logistic.py:433: FutureWarning: Default solver will be changed to 'lbfgs' in 0.22. Specify a solver to silence this warning.\n",
      "  FutureWarning)\n",
      "C:\\Users\\PS15S\\Anaconda3\\lib\\site-packages\\sklearn\\linear_model\\logistic.py:460: FutureWarning: Default multi_class will be changed to 'auto' in 0.22. Specify the multi_class option to silence this warning.\n",
      "  \"this warning.\", FutureWarning)\n",
      "C:\\Users\\PS15S\\Anaconda3\\lib\\site-packages\\sklearn\\linear_model\\logistic.py:433: FutureWarning: Default solver will be changed to 'lbfgs' in 0.22. Specify a solver to silence this warning.\n",
      "  FutureWarning)\n",
      "C:\\Users\\PS15S\\Anaconda3\\lib\\site-packages\\sklearn\\linear_model\\logistic.py:460: FutureWarning: Default multi_class will be changed to 'auto' in 0.22. Specify the multi_class option to silence this warning.\n",
      "  \"this warning.\", FutureWarning)\n"
     ]
    },
    {
     "name": "stdout",
     "output_type": "stream",
     "text": [
      "[[ 0.125   0.8     0.075  -0.6975]\n",
      " [ 0.038   0.733   0.229   0.9776]\n",
      " [ 0.026   0.771   0.203   0.9785]\n",
      " ...\n",
      " [ 0.055   0.765   0.181   0.9807]\n",
      " [ 0.164   0.729   0.107  -0.9893]\n",
      " [ 0.134   0.68    0.185   0.8214]] [[ 0.112   0.797   0.091  -0.6381]\n",
      " [ 0.091   0.79    0.118   0.7678]\n",
      " [ 0.051   0.575   0.374   0.9642]\n",
      " [ 0.032   0.893   0.075   0.9896]\n",
      " [ 0.092   0.685   0.223   0.9783]\n",
      " [ 0.344   0.546   0.11   -0.9857]\n",
      " [ 0.072   0.906   0.021  -0.7131]\n",
      " [ 0.046   0.672   0.282   0.9916]\n",
      " [ 0.064   0.825   0.112   0.7068]\n",
      " [ 0.057   0.8     0.143   0.815 ]\n",
      " [ 0.087   0.834   0.079  -0.1655]\n",
      " [ 0.026   0.875   0.099   0.8865]\n",
      " [ 0.022   0.709   0.269   0.9918]\n",
      " [ 0.      0.876   0.124   0.9678]\n",
      " [ 0.084   0.817   0.1     0.9421]\n",
      " [ 0.068   0.701   0.231   0.9993]\n",
      " [ 0.      0.864   0.136   0.8651]\n",
      " [ 0.077   0.826   0.097   0.3771]\n",
      " [ 0.035   0.828   0.138   0.9706]\n",
      " [ 0.047   0.953   0.     -0.6562]\n",
      " [ 0.102   0.766   0.132   0.296 ]\n",
      " [ 0.143   0.743   0.114  -0.6685]\n",
      " [ 0.1     0.768   0.132   0.9292]\n",
      " [ 0.091   0.762   0.146   0.97  ]]\n",
      "[10  0  9 ...  2  3  2] [ 1  2  0  0 10  1  2 10  2  2  7 10  9  2  7  9 10  3  7  0  2  1  0  0]\n"
     ]
    },
    {
     "name": "stderr",
     "output_type": "stream",
     "text": [
      "C:\\Users\\PS15S\\Anaconda3\\lib\\site-packages\\sklearn\\linear_model\\logistic.py:433: FutureWarning: Default solver will be changed to 'lbfgs' in 0.22. Specify a solver to silence this warning.\n",
      "  FutureWarning)\n",
      "C:\\Users\\PS15S\\Anaconda3\\lib\\site-packages\\sklearn\\linear_model\\logistic.py:460: FutureWarning: Default multi_class will be changed to 'auto' in 0.22. Specify the multi_class option to silence this warning.\n",
      "  \"this warning.\", FutureWarning)\n"
     ]
    },
    {
     "name": "stdout",
     "output_type": "stream",
     "text": [
      "[[ 0.125   0.8     0.075  -0.6975]\n",
      " [ 0.038   0.733   0.229   0.9776]\n",
      " [ 0.026   0.771   0.203   0.9785]\n",
      " ...\n",
      " [ 0.055   0.765   0.181   0.9807]\n",
      " [ 0.164   0.729   0.107  -0.9893]\n",
      " [ 0.134   0.68    0.185   0.8214]] [[ 0.118   0.818   0.064  -0.7295]\n",
      " [ 0.083   0.757   0.159   0.8204]\n",
      " [ 0.078   0.821   0.101   0.5707]\n",
      " [ 0.094   0.834   0.072  -0.9327]\n",
      " [ 0.029   0.878   0.093   0.9774]\n",
      " [ 0.015   0.896   0.088   0.8765]\n",
      " [ 0.036   0.77    0.194   0.9966]\n",
      " [ 0.04    0.823   0.137   0.9838]\n",
      " [ 0.053   0.786   0.161   0.9178]\n",
      " [ 0.092   0.692   0.216   0.9388]\n",
      " [ 0.128   0.771   0.101  -0.7134]\n",
      " [ 0.077   0.75    0.173   0.9906]\n",
      " [ 0.      0.784   0.216   0.983 ]\n",
      " [ 0.046   0.758   0.197   0.9918]\n",
      " [ 0.138   0.824   0.038  -0.8871]\n",
      " [ 0.011   0.908   0.08    0.8992]\n",
      " [ 0.071   0.83    0.1     0.9692]\n",
      " [ 0.115   0.749   0.136   0.4576]\n",
      " [ 0.111   0.757   0.132   0.1691]\n",
      " [ 0.058   0.731   0.211   0.9493]\n",
      " [ 0.      0.849   0.151   0.9389]\n",
      " [ 0.019   0.839   0.141   0.9479]\n",
      " [ 0.186   0.748   0.066  -0.9762]\n",
      " [ 0.116   0.771   0.113  -0.7738]]\n",
      "[10  0  9 ...  2  3  2] [ 1  9  4 10  4  0  8 10  3  0  3  0  3 10  1  0  8  3  2  7  7 10  2  7]\n"
     ]
    },
    {
     "name": "stderr",
     "output_type": "stream",
     "text": [
      "C:\\Users\\PS15S\\Anaconda3\\lib\\site-packages\\sklearn\\linear_model\\logistic.py:433: FutureWarning: Default solver will be changed to 'lbfgs' in 0.22. Specify a solver to silence this warning.\n",
      "  FutureWarning)\n",
      "C:\\Users\\PS15S\\Anaconda3\\lib\\site-packages\\sklearn\\linear_model\\logistic.py:460: FutureWarning: Default multi_class will be changed to 'auto' in 0.22. Specify the multi_class option to silence this warning.\n",
      "  \"this warning.\", FutureWarning)\n"
     ]
    },
    {
     "name": "stdout",
     "output_type": "stream",
     "text": [
      "[[ 0.125   0.8     0.075  -0.6975]\n",
      " [ 0.038   0.733   0.229   0.9776]\n",
      " [ 0.026   0.771   0.203   0.9785]\n",
      " ...\n",
      " [ 0.055   0.765   0.181   0.9807]\n",
      " [ 0.164   0.729   0.107  -0.9893]\n",
      " [ 0.134   0.68    0.185   0.8214]] [[ 0.081   0.733   0.186   0.9473]\n",
      " [ 0.09    0.803   0.107   0.8453]\n",
      " [ 0.117   0.794   0.088  -0.8059]\n",
      " [ 0.272   0.632   0.096  -0.9853]\n",
      " [ 0.101   0.823   0.076  -0.8928]\n",
      " [ 0.031   0.902   0.067   0.7078]\n",
      " [ 0.098   0.823   0.079  -0.5928]\n",
      " [ 0.013   0.755   0.232   0.9766]\n",
      " [ 0.137   0.682   0.181   0.91  ]\n",
      " [ 0.105   0.831   0.065  -0.9023]\n",
      " [ 0.112   0.712   0.176   0.575 ]\n",
      " [ 0.088   0.763   0.149   0.9948]\n",
      " [ 0.194   0.738   0.068  -0.9871]\n",
      " [ 0.057   0.862   0.08    0.4588]\n",
      " [ 0.068   0.852   0.08    0.547 ]\n",
      " [ 0.122   0.745   0.133  -0.6293]\n",
      " [ 0.112   0.766   0.122  -0.2287]\n",
      " [ 0.114   0.741   0.145   0.7648]\n",
      " [ 0.043   0.789   0.168   0.9578]\n",
      " [ 0.06    0.693   0.246   0.9956]\n",
      " [ 0.239   0.62    0.141  -0.9902]\n",
      " [ 0.065   0.744   0.191   0.9905]\n",
      " [ 0.145   0.682   0.173   0.4779]\n",
      " [ 0.155   0.736   0.109  -0.9176]]\n",
      "[10  0  9 ...  2  3  2] [ 9  1  3  1  4  3  0  0  8 10  0 10  1 10  7  1  2  4  4  7  8 10  3  2]\n"
     ]
    },
    {
     "name": "stderr",
     "output_type": "stream",
     "text": [
      "C:\\Users\\PS15S\\Anaconda3\\lib\\site-packages\\sklearn\\linear_model\\logistic.py:433: FutureWarning: Default solver will be changed to 'lbfgs' in 0.22. Specify a solver to silence this warning.\n",
      "  FutureWarning)\n",
      "C:\\Users\\PS15S\\Anaconda3\\lib\\site-packages\\sklearn\\linear_model\\logistic.py:460: FutureWarning: Default multi_class will be changed to 'auto' in 0.22. Specify the multi_class option to silence this warning.\n",
      "  \"this warning.\", FutureWarning)\n"
     ]
    },
    {
     "name": "stdout",
     "output_type": "stream",
     "text": [
      "[[ 0.125   0.8     0.075  -0.6975]\n",
      " [ 0.038   0.733   0.229   0.9776]\n",
      " [ 0.026   0.771   0.203   0.9785]\n",
      " ...\n",
      " [ 0.055   0.765   0.181   0.9807]\n",
      " [ 0.164   0.729   0.107  -0.9893]\n",
      " [ 0.134   0.68    0.185   0.8214]] [[ 0.013   0.857   0.13    0.9516]\n",
      " [ 0.      0.848   0.152   0.9758]\n",
      " [ 0.172   0.765   0.063  -0.9872]\n",
      " [ 0.114   0.634   0.252   0.7506]\n",
      " [ 0.      0.852   0.148   0.9448]\n",
      " [ 0.031   0.684   0.285   0.8978]\n",
      " [ 0.052   0.868   0.081   0.7003]\n",
      " [ 0.      0.817   0.183   0.8201]\n",
      " [ 0.184   0.696   0.12   -0.8846]\n",
      " [ 0.171   0.729   0.1    -0.8429]\n",
      " [ 0.145   0.824   0.031  -0.8678]\n",
      " [ 0.153   0.759   0.088  -0.8221]\n",
      " [ 0.052   0.829   0.12    0.9565]\n",
      " [ 0.141   0.539   0.32    0.9514]\n",
      " [ 0.038   0.764   0.198   0.9794]\n",
      " [ 0.131   0.783   0.086  -0.9709]\n",
      " [ 0.066   0.819   0.115   0.7701]\n",
      " [ 0.055   0.774   0.171   0.9887]\n",
      " [ 0.097   0.837   0.066  -0.5849]\n",
      " [ 0.086   0.639   0.275   0.9835]\n",
      " [ 0.01    0.787   0.203   0.9945]\n",
      " [ 0.018   0.852   0.13    0.8478]\n",
      " [ 0.206   0.725   0.069  -0.9753]\n",
      " [ 0.045   0.825   0.13    0.836 ]]\n",
      "[10  0  9 ...  2  3  2] [10 10  1 10  9  9  3  8  0  0  3  1  2 10 10 10  1  0  3  0 10 10  3 10]\n",
      "[[ 0.125   0.8     0.075  -0.6975]\n",
      " [ 0.038   0.733   0.229   0.9776]\n",
      " [ 0.026   0.771   0.203   0.9785]\n",
      " ...\n",
      " [ 0.055   0.765   0.181   0.9807]\n",
      " [ 0.164   0.729   0.107  -0.9893]\n",
      " [ 0.134   0.68    0.185   0.8214]] [[ 0.      0.786   0.214   0.987 ]\n",
      " [ 0.084   0.856   0.061  -0.9038]\n",
      " [ 0.09    0.701   0.208   0.9764]\n",
      " [ 0.062   0.813   0.124   0.9899]\n",
      " [ 0.049   0.72    0.231   0.9943]\n",
      " [ 0.      0.881   0.119   0.9239]\n",
      " [ 0.143   0.77    0.087  -0.9272]\n",
      " [ 0.024   0.818   0.158   0.9987]\n",
      " [ 0.054   0.82    0.126   0.9551]\n",
      " [ 0.137   0.806   0.057  -0.9794]\n",
      " [ 0.156   0.728   0.116  -0.9629]\n",
      " [ 0.133   0.731   0.136  -0.5582]\n",
      " [ 0.153   0.808   0.039  -0.9701]\n",
      " [ 0.049   0.784   0.167   0.9819]\n",
      " [ 0.018   0.811   0.171   0.9972]\n",
      " [ 0.048   0.819   0.132   0.9808]\n",
      " [ 0.104   0.726   0.17    0.9278]\n",
      " [ 0.055   0.77    0.175   0.9655]\n",
      " [ 0.119   0.742   0.139   0.944 ]\n",
      " [ 0.128   0.705   0.167   0.7936]\n",
      " [ 0.043   0.718   0.238   0.9894]\n",
      " [ 0.035   0.764   0.201   0.9824]\n",
      " [ 0.049   0.774   0.177   0.9814]\n",
      " [ 0.      0.655   0.345   0.8907]]\n",
      "[10  0  9 ...  2  3  2] [10  0  0  7  7 10  2 10  2  1  0  8  2 10  0  8  7  7  4  1 10 10  0  0]\n"
     ]
    },
    {
     "name": "stderr",
     "output_type": "stream",
     "text": [
      "C:\\Users\\PS15S\\Anaconda3\\lib\\site-packages\\sklearn\\linear_model\\logistic.py:433: FutureWarning: Default solver will be changed to 'lbfgs' in 0.22. Specify a solver to silence this warning.\n",
      "  FutureWarning)\n",
      "C:\\Users\\PS15S\\Anaconda3\\lib\\site-packages\\sklearn\\linear_model\\logistic.py:460: FutureWarning: Default multi_class will be changed to 'auto' in 0.22. Specify the multi_class option to silence this warning.\n",
      "  \"this warning.\", FutureWarning)\n",
      "C:\\Users\\PS15S\\Anaconda3\\lib\\site-packages\\sklearn\\linear_model\\logistic.py:433: FutureWarning: Default solver will be changed to 'lbfgs' in 0.22. Specify a solver to silence this warning.\n",
      "  FutureWarning)\n",
